1488215
4397673
117624894
253692
239537
127408
9630824
5129419
5331623
885194
614971

9325257
504071
1717383
2675951
421120
53883
1338630
1617556
7664742
13680
3268085
48304016
15683926
3673008
3528908
4352430
4407832
1860003
1539438
1159164
306423
7418786
863343
422914
283289
378935
281394
23277489
1074869
2485739
7664742
23277489
2385074
2169833
4415926
839954
985141
4087889
1191054
594843
732748
1631764
905768
158372
158372
738182
2789711
6223949
249617
5060911
1186906
1048967
302391
421120
3391536
18615795
212753
294771
757083
575655
416350
3423289
12356894
1576283
5170871
1301610
528861
1350398
1926332
793655
5651019
5174653
2310308
1482645
9286913
1411364
3992781
9466500
2442088
5106787
2636711
726730
150968
136249
14246244
824651
997562
15165893
127128

70383


279310
566409
136062
118157

263858
291186

314377
9531325
10133377

5187039

6457

187521

110898

315360
829626
6221163
14438367
134684
217748

444293
2270881
155425
197976
4941333

8507746
236197
118221
128331
44455



2711


2391924
7728204
4302208
471043
3185891
22154424
27406252
13012380
10340263
11006731
11869203
908384
351735
27971938
849539
6115993
3185833
10159175
947491
8580330
798505
1160826
490160
5303966
917941
416367
3487889
5075752
6574603
12417426
4365577
41216729
2070663
4876860
13110730
5909497
7461567
7831690
704205
705211
2819793
1135054
1399745
1590625
1509643
1780707
8714113
1895555
1381219
2065592
1179803
1782180
1736006
2334177
2687803
5397492
8286258
1471787
462823
462667
462308
3147451
3143110
36907934
8999183
867075
1131482
13959663
1332506
1107461
1404186
705678
706456
561485
24886664
3809136
3550755
1396203
1176948
6579436
3810240
6720894
568352
7073195
3452347
186936
7407480
712054
1844344
1289925
1148654
2914824
1813635
1022592
1407396
7408178
8191305
2975329
7598539
7433442
34972282
46115858
3870012
2546830
2322190
2307511
10475850
6333545
7594723
1644438
1557088
3000987
1129030
700035
710057
697374
12467009
10141537
4549321
762607
2442634
1273272
1128657
1552376
7081426
6810024
390731
5988006
10146799
598085
5283503
5988090
10166618
5283503
598085
12733203
14869919
3521785
5103488
17972353
39359943
2872563
5761009
3111435
3111435
3111435
4924096
3111435
3111435
3111435
764796
3111435
3385447
19478611
1330616
2725922
7376987
984090
3396432
21564298
17313823
19026921
1424340
12295060
4945276
4945276
577923
7210752
675393
9042269
1208091
1554122
480649
1338411
1955181
1046420
7944128
11393120
745408
783439
745408
745408
745408
244016
783439
3334013
15326915
1825580
4525821
4525821
818863
557065
11202697
475394
751210
3151553
22437274
2055316
4661711
3505147
406297
2874566
910250
3505147
198763
13115236
13677717
4898482
3162744
7077224
1827209
7558715
510530
744445
26247002
6720894
8041996
6587252
4182530
18738211
5507461
13225987
1354395
624629
5507461
16723356
426836
4475202
16985106
5488059
7258161
10393816
3900460
21202577
8174123
1145925
8621148
7672564
69290
6569778
576806
33398213
13925677
2786626
1032592
8564077
6553756
21587524
45663
7710131
16437
16437
89574240
12446339
12446339
22689584
7280708
12246716
8733
249872
14127133
14127133
14023424
14023424
249872
32458
12517637
15694684
11219334
8347200
13752641
7796230
13871875
14023424
13871875
27617
547799
4979924
14127133
3497803
13871875
1802998
13957892
2601082
13871875
1396857
844265
753176
845200
3377266
533744
13601463
7194951
7194951
46836
96863
46836
98538
67254
15811419
67254
98538
98538
15811419
98538
15811419
67254
98538
15811419
16569578
16569578
4377467
11687610
10987524
13582836
7466673
48800
4862297
10335693
7680139
11161248
25059
54974100
366773
13570554
2967958
13871875
2384783
8822960
1799134
1298987
1928732
13871875
13570554
19815203
19815203
485965
4883060
7930720
2574935
14736723
1576188
286222
10393816
20343732
10554165
1183032
2166793
11724080
15754341
1545991
2845912
1226460
10259955
1466527
1350421
1350421
1466527
1033436
12751527
48800
48800
48800
48800
48800
409777
409777
7778950
7585186
7585186
8776115
10122867
994266
10554165
895407
12751527
12751527
13570554
12948383
13676597
13097590
16152271
10259955
2447355
372908
7778950
5019436
1530624
1530624
2652674
528361
4615084
13676597
10393816
6295565
20030742
40173372
10393816
10771980
13676597
539519
55436
1567312
18602764
2715816
1119835
1119835
6295565
7842549
6014385
6295565
6226260
7585186
15498722
6435211
9512311
895407
9068720
17481434
7447166
995612
14664705
9064266
14664705
1382625
7134086
14664705
8019131
14664705
993798
6295565
2738783
935366
14664705
14664705
6295565
13676597
6295565
14664705
14664705
7219374
5019436
8776115
6295565
6295565
6295565
959933
457034
1914540
1914540
14664705
13676597
13676597
13676597
14664705
14664705
14664705
14664705
6295565
3724961
4659350
6521013
9327234
159578
2582694
12296855
6970275
6295565
12296855
12296855
12296855
18363529
2131880
7778950
5687008
6284266
6284266
637929
298906
299379
651050
651050
1029397
651050
29351563
16757528
2318314
11321406
13676597
1785929
2329628
13852016
853146
2589165
345367
837174
12296855
10771980
6521013
11181715
13676597
34860491
321048
276164
296380
2566561
302916
2738783
1910067
8364307
3330084
21017920
3433220
230804
21007772
13676597
770534
256698
941820
8051120
13765483
834694
13765483
868855
478331
12940051
2582694
3419803
478331
5879217
4719897
4719897
11310624
873969
838376
13676597
4719897
11361315
838211
874508
744691
15124322
1897951
5046944
33480248
33480248
5046944
1897951
1097439
9889746
2632581
14663556
1421512
1539896
1539896
2455446
2089756
906250
1930458
1040462
1031633
1220005
3465313
2725682
2781596
2651445
1040462
1040462
1031633
3465313
2725682
2651445
2725682
1930458
1040462
1031633
1220005
3465313
2725682
2651445
6284266
643760
361483
362083
6284266
643760
361426
362050
362050
361426
362050
643760
6284266
643760
362050
1582165
2155453
7842549
297030
996593
1992685
559251
10249482
559251
438663
996593
996593
33351
30846
7508130
7508130
7508130
8085754
7508130
14663556
8085754
7508130
7508130
31297101
4778017
4778017
4778017
8019131
33493
8085754
8085754
13871875
971725
3263922
7798751
779990
1273649
1372059
8085754
2970124
2089756
4347103
8085754
7397775
7496535
8085754
7397775
1531614
1531614
8085754
13607110
8085754
8085754
8085754
13607110
8085754
8085754
8085754
8085754
1644039
1856694
14052832
8085754
8085754
8085754
2193187
7397775
11350947
8085754
7397775
7397775
1139667
1366479
320631
1333498
106657123
106657123
8085754
8085754
7433442
8085754
451582
5032172
19780367
19780367
23575080
127529
3446198
17343842
8085754
10160859
10160859
838417
863442
3902202
3902202
8085754
8085754
21378153
13606889
13606889
5514734
13606889
7397775
8085754
8085754
378737
8611815
26036050
8085754
1408237
713827
8085754
82583
82583
53768
10199666
842429
864464
16446763
544578
3903205
919902
1023539
3903205
8085754
11598274
900826
838083
3903205
13609100
919902
13609100
13609100
8085754
8085754
10771980
4168301
2341071
1258263
2982184
5046944
14711100
8085754
13437270
8551527
8085754
17997646
9520603
8085754
8085754
8085754
8085754
13609100
903700
8085754
13609100
13609100
6283285
1012938
8085754
8085754
820874
20283529
3152960
3397840
8085754
8085754
862081
758726
10850986
8085754
8085754
3434093
8085754
15044671
8085754
10159718
521415
837319
880009
10927312
10927312
3438572
10860447
5019436
2300991
13609100
6229641
2281674
680905
1409107
10159718
521415
837319
880009
6588110
10169905
850385
920486
836838
10117151
871379
842476
14424228
11859545
852782
881965
11859545
8085754
278054
13609100
13609100
604057
6283285
623185
382553
1992685
8085754
8652291
620521
13609100
28358
28358
8085754
10519116
10519116
10519116
10519116
667115
2444704
4347103
4347103
4347103
10774743
330518
1244162
9145172
1013637
5021385
5021385
1013637
9145172
1013637
5021385
9145172
10519116
1426510
28183382
8085754
1117558
550466
8085754
6283285
646301
311164
308830
3200800
366954
16354
812816
595876
13843593
479274
12595463
479274
8322742
479274
14426668
13609100
12548454
12595463
8085754
5324235
8085754
12595463
8085754
12595463
8085754
13609100
713399
9475599
10167907
839050
896964
8929845
684647
396543
396543
8085754
6747554
6022632
8085754
8085754
8085754
1441037
13688082
17481434
762786
14426668
8085754
8085754
3270896
812816
8085754
8085754
8085754
8085754
8085754
8085754
7416
7416
7416
7416
7416
8085754
671516
671516
3748102
671516
8085754
7961525
5686250
21571917
8085754
16267250
11062589
8085754
13609100
8085754
8085754
1786535
8085754
8085754
8085754
12595463
12595463
6283285
3001715
8085754
13609100
8085754
1017784
8085754
7925438
9941206
5110995
377932
8085754
8085754
13609100
4965209
8085754
824677
13323008
1278433
19966530
1278433
19966530
762786
8085754
8085754
19905589
762786
1645242
13375996
2394042
2428640
8085754
917149
1391904
6855148
7397775
1059754
7961525
8085754
8085754
9376608
811670
876302
844498
1039942
12595463
29019906
3454561
16119443
1300812
3434415
1940250
1940250
7125366
4841861
1945429
4841861
1945429
8085754
8085754
8085754
4832617
4832617
4832617
25483
315993
38977
4857108
8085754
55325
12398995
10107094
10107094
611286
12398995
12561209
2271231
4710752
3676281
10569689
1083802
812816
8727884
8085754
8085754
7622873
568325
13609100
687583
7961525
10354322
9187770
2323295
6213283
1185509
1185509
1544331
9757911
951447
1106459
673539
30932603
951447
1106459
673539
9757911
30932603
222941
1404723
7961525
687583
1404723
568352
568352
1404723
12209227
866679
1173771
12209227
866679
1173771
7231217
2866631
7231217
2866631
1234946
10973950
808509
868114
7210752
818966
13493943
13493943
1271920
1073861
1098706
8019131
2251043
1279180
1083802
1083802
2141838
10569689
8019131
1083802
10569689
8019131
1083802
2251043
1279180
612949
1777561
1183719
1102675
467472
461345
461291
1073861
1271920
1098706
7734974
8470911
8470911
1389295
1389295
816399
6062404
11013207
426922
6588110
3147451
10569689
8019131
1083802
3117888
3117888
3691469
3114476
2622328
1180175
1183719
612949
441252
785124
426296
6521013
2355248
20722
1731198
630871
7397775
15414164
15414164
367187
837908
684280
7701777
4013413
1901662
4130839
684280
1964151
153171
358198
17528722
8085754
1964151
8085754
8085754
8085754
2399443
1964151
1427335
10074663
28740
8085754
9685690
1269450
1269450
1077294
461026
467210
461026
460764
10569689
8019131
1352245
1324473
6938799
3437364
3823962
8065459
8065459
810202
4019232
8085754
5213148
1312661
5046944
443290
528298
32802405
4688449
1934533
1125438
1110118
1112754
1112890
1200747
1449368
1148407
292659
1229237
358198
1281312
1964151
3183981
9418185
9418185
2157322
8647614
443399
551284
1670586
8428103
7512079
13609100
8085754
503338
38663
26053730
26071059
675865
773992
915607
25429133
6588110
446938
3457522
9954362
1570780
1124005
13609100
643876
643876
7989380
13609100
8647614
26053730
26053730
4724456
29828
4724456
4724456
7681032
7531142
7531142
4724456
2170830
6313704
856377
7531142
7364199
7364199
8085754
1976931
41848602
8085754
13110730
3147451
15694684
8085754
8085754
8085754
8085754
14999004
316675
625959
491163
743907
14999004
820710
4820170
14999004
14999004
469067
14999004
494848
2131990
1582989
1582989
15250705
9147030
718421
2306806
13110730
8085754
8307691
2054858
10076823
21357775
3443607
247094
452028579
1109525
1484023
671825
657696
7979520
1272012
1362759
1798108
1025435
9282137
1167159
3589240
1167159
3589240
1167159
1167159
3589240
1167159
1167159
1885207
7210752
6588110
3721192
7961525
8085754
435747
1770810
21048619
4122502
24148470
25311
6687
7416
7416
7961525
701029
669034
669034
10671780
877134
812344
33480248
33480248
11194858
2151892
2127760
2170405
11194858
5639614
747074
32804061
10393816
49338108
6588110
4864168
7998940
1261035
634520
637832
1837480
698840
740834
1055775
1076193
1037279
5046944
51637
51637
4674530
4674530
1811178
936996
1523923
1162169
1548166
1397088
6355622
9952506
4509072
8911820
1281422
2012558
2012558
3145444
3089918
14249085
7595274
8149185
23737941
28507259
17003923
3869888
210062
9867715
9867715
2930187
2713436
11272673
10403871
10403871
10403871
7512079
104922
2563982
3793708
3793708
905737
9494981
10403871
378339
8935598
8935598
8935598
8935598
8935598
8935598
8935598
959263
3322861
1734783
1716561
708119
3281408
1725196
1725196
1394327
3281408
3301167
1980738
3403083
8935598
10403871
22300262
22300262
9952506
1145746
1049051
1419333
168667
2199111
168667
2199111
5371843
7416
3385958
38668
38668
26113898
26113898
26113898
378339
378339
9227327
2191792
3465243
9227327
6283285
637607
297633
18087889
19026713
25485360
5473573
8935306
9708792
4155654
4155654
9708792
974828
177836
8064621
14039282
8272132
12894470
8911820
1482287
1416798
6283285
6283285
10403871
8601234
1516209
1698592
1516209
1698592
1516209
1698592
1516209
1849713
7595274
14249085
14249085
2695154
8601234
8840907
2695154
793500
762213
404141
2227757
8601234
815195
10487299
14779571
9734769
5241271
1794478
717873
1635112
1095530
8601306
8601306
362356
10850986
4478357
2985350
8929000
8929000
22300262
4902453
8601306
12527516
7961525
1818004
8935306
8929000
22300262
8929000
8935306
404481
405110
405159
4251895
2277156
8601306
445154
6481143
1382732
22300262
8601306
8601306
412783
412589
412537
14353449
7961525
412537
349
412537
8601306
4989550
16901263
201848
725117
979043
4309114
5958937
9078034
8601306
4255826
8601306
8601306
4255826
8051076
8929000
22300262
3840525
3231886
1050723
8929000
8929000
8929000
22300262
819785
8601306
8601306
8935306
3260407
8965
6588110
6588110
6588110
6588110
6588110
10517427
5214347
8601306
5634454
6283285
20912594
20912594
1041369
1039240
4347103
6588110
6588110
8601306
8601306
5130756
5130756
8601306
16140645
5565050
8601306
8601306
8601306
8601306
4468586
1323006
1030823
3367423
535909
2715386
8601306
8601306
10403871
3601875
10403871
4633440
1162160
7433442
8929000
8929000
20534978
8601306
2152640
2523882
8601306
8601306
2523882
401743
401743
8929000
8973442
8973442
22300262
7310684
8929000
28991173
2148852
2148852
8601091
10403871
366598
366598
11060390
1034050
1219819
1602861
1971440
2842608
882187
1581945
1850610
1582951
1309746
5933106
1092525
2076787
2073171
1173016
5978989
643527
1267696
2789741
1213569
1580659
8935306
3201592
17138169
5848686
2455998
2211098
660523
7716350
15270687
8601091
2033506
8357782
292350
2223567
8601091
2054408
13791010
1473186
2082982
8601091
8929000
10020810
6979871
8601091
3557172
3558146
5214322
8601091
4347103
240654
33480248
4448513
8519
8911820
8911820
8970047
8970047
8970047
2280208
9703901
4176384
2362172
3041598
15666164
8973442
22300262
8601091
7961525
2331731
465796
1048002
1090187
8970047
8970047
1469803
8970047
776848
8910335
8970047
2573559
8973442
22300262
8973442
22300262
5006639
1724588
1724588
1055710
822780
827954
839825
8601091
2081287
8601091
2057345
4670745
4670745
2057345
3632873
3632873
765076
5420705
22300262
12471994
8601091
4762812
4762812
8601091
8601091
2203747
1994010
1858951
1694765
1114378
2259361
8601091
2362172
7693414
15149920
386141
6493079
8373828
53366
386141
334242
8935306
10403871
8929000
2397076
10403871
4698819
731965
711362
507458
7961525
386141
7726798
8952421
4389647
1789932
2372696
581043
386141
17208329
3915362
8952421
2101986
374301
7512079
7512079
8840233
8840233
9467659
1902586
3633843
1204704
994977
1616970
7986985
13705559
1085642
430147
1133334
8952421
2372696
8952421
6007934
8601091
8601091
6007934
1616970
17481434
681849
25166907
8601091
25174233
9954362
9954362
5182441
5182441
5303077
8600123
14157542
4161138
361588
1828782
5561660
12078811
8392878
39806052
5624125
9818482
5561660
8392878
39806052
5624125
12078811
5624125
5561660
39806052
8392878
12078811
12078811
8392878
5561660
39806052
5624125
12095170
12095170
12078811
5561660
5624125
39806052
8392878
8392878
39806052
5624125
5561660
12078811
12095170
8392878
39806052
5624125
5561660
12078811
12095170
8392878
39806052
5624125
5561660
12078811
12095170
8392878
39806052
5624125
5561660
12078811
12095170
8392878
39806052
5624125
5561660
12078811
12095170
12095170
12095170
12095170
10403871
673005
706481
6243420
1605117
652492
2190794
8973442
6321158
297455
296803
22300262
819785
1314993
298250
3512160
3512160
8973442
1616970
1127856
1217564
5297181
5297181
7913639
2852046
2399489
1245915
8973442
22300262
827954
8977529
42510581
42510581
33480248
21269016
6869067
6869067
8973442
8973442
8973442
22300262
839825
874763
1616970
1848909
109665170
109665170
9255066
746740
1514935
607115
9255066
9255066
9255066
9255066
8601091
9252686
8989181
8989181
8989181
22100155
951407
22100155
1238099
1146368
1157842
1155530
1184435
1179667
1179154
1142308
1233371
1192926
1223036
10951627
10951627
10951627
7512079
8989639
4800226
4800226
8989639
10951627
158088
7961525
824791
7961525
1875474
3523991
12778582
5507262
3284349
3284349
9255066
10403871
9255066
369747
2454248
48798478
3848327
823464
7961525
11994507
21381383
1370134
623035
1370134
6142700
623035
453247
259849
7416
7961525
687583
1616970
8989639
7961525
802489
9255066
9255066
1661976
7961525
4410104
567975
9255066
9255066
1878864
8989639
9095923
9112565
567975
9095923
15001174
2678737
1690099
10094389
17070018
24468810
1445926
9255066
10487299
10487299
9245956
8989639
9245956
8989639
9255066
8989639
10487299
9255066
567975
9255066
10487299
9255066
15102304
9255066
7146681
1929450
735291
9255066
10487299
8989639
9255066
8989639
8901781
10951627
8929000
28991173
742809
4035267
8929000
28991173
8929000
28991173
28991173
9255066
8929000
2406716
3228559
8989639
8929000
3228559
2406716
3683689
8929000
10072392
1274181
1035794
1410791
1960495
1989903
7961525
4197900
47451902
1713533
6880993
8929000
2406716
7961525
1048002
8929000
2406716
2406716
10487299
2406716
8925427
8929000
2406716
6701214
6701214
1048002
8929000
2406716
9255066
9255066
8989181
8989181
8989181
8989181
8989181
9684943
9255066
3512160
7961525
2406716
8929000
8929000
3228559
1048002
754620
2018114
15795335
10072392
1035794
1410650
22302227
4695000
2406716
8929000
8929000
2406716
2406716
8929000
4695000
10785005
1048002
8989639
8989181
1035794
1410650
8379090
8989181
9255066
9255066
9255066
8989181
8989639
8989639
8989639
55437
55437
55437
9255066
8989639
8989639
7961525
8952421
2372696
8989649
8989649
3942674
3942674
4215753
4215753
3769507
2131623
2131623
9255066
2406716
8929000
329108
8989649
6591006
8989181
21563729
8776115
2406585
15608820
728601
536511
971335
1373879
8989649
2355254
566337
530185
530185
2631888
13129567
8952421
687583
1978819
9734769
13129567
13129567
13129567
14827028
675800
2545819
536511
2631888
5046944
1411535
868032
1019516
798307
1019516
868032
13274
3020939
8989181
10487299
8989181
762074
766640
10443807
4074384
5441739
290568
3020939
15614252
1571232
1586444
2862933
4026761
4026761
3512160
8351334
7961525
12694569
1193665
2255023
9255066
12694569
1193665
2255023
8952421
9255066
8952421
8952421
17020004
10026094
1800546
2197342
2389369
15584496
8689125
8689125
34248188
10026094
10026094
3367587
38663
687583
8596309
1564237
681719
1386298
1388317
1405815
543810
543768
542352
1548299
2469983
1310300
34248188
11079564
5679578
450721
1454721
1454721
1454721
14563079
17916277
1247988
387276
1018990
10487299
10487299
11271501
7416
7416
8952421
9252686
1553902
8400443
10487299
8689125
8689125
22296
698705
303658
8689125
8689125
8689125
580007
580007
8952421
2372696
9162687
9162687
1336642
1794572
14212818
1129215
1112154
983098
1112154
983098
21913739
2027773
2179098
604036
2179098
604036
8689125
8689125
1429341
1552934
6369538
6369538
1307342
836358
1267472
1267472
1267472
1267472
1267472
1267472
10487299
1018790
1018790
8929000
2406716
10487299
2514935
10487299
2497304
9750740
1195247
9750740
1195247
9750740
893164
1449417
8952421
2406446
8952421
8427254
2255023
1331732
1360999
1606014
8427254
2255023
1331732
1360999
1606014
9192515
16107918
8427254
6824247
15553267
464302
1164034
565548
27224681
26412219
26412219
9162687
9162687
8360077
914715
2389369
2197342
914715
10487299
1147796
1147796
464302
1147796
9734071
8970047
3097655
1640494
424100
2246079
1640494
8952421
6361135
627865
515885
307223
1998589
23056519
16787733
9734071
3829409
1582231
854647
5096738
1532887
7752898
12309151
1139347
477162
701579
8952421
3512160
10142207
10487299
8911820
14485877
10388464
2372696
8901781
10388464
4273440
1582231
4273440
1582231
9062621
990682
9062621
2921172
2921172
3129686
2345660
9788031
16834745
17481434
17481434
12446872
545539
440819
2503797
12446872
9718813
9718813
2255023
15193824
15193824
1606834
3720447
1341259
554434
15078492
614472
1343934
13933754
6396348
6317775
7297565
6317775
10771980
7297565
91048
330789
21048619
8970047
3594638
1429758
1343934
2115
6303049
8970047
10443361
336812
1463114
1446771
15193824
1166359
999049
1003117
5363048
10684906
8952421
10388464
16885181
16885181
5461384
16885181
16885181
4297064
5858836
4139955
5658
22581755
69643396
69643396
69643396
2994370
2994370
2994370
10487299
6656714
329039
323763
7509943
243038
21787989
8142320
3054957
6689411
10443361
10443361
9954362
1083286
1370933
2071897
2084185
168765117
1370933
2071897
2084185
4622899
4138944
38663
168765117
4347103
6384175
6699074
10443361
15973592
4297041
1780444
1546847
1043946
1055841
513825
1792358
6850032
3129686
366598
4466790
990045
1822332
943015
37354
1534912
2355254
1887667
1755269
3950719
2232728
2179863
2145562
5046944
6281392
8910556
12449057
3777328
1845545
1845545
752307
35928678
2748594
2748594
16638
407366
70741454
25509
2696949
2696949
557770
11124162
11124162
10894201
11124162
56374802
3228559
7176273
2675231
56374802
11124162
3228559
56374802
11124162
3228559
10443361
707796
8929000
11124162
976463
1064613
8389378
9750740
924126
531963
730582
3196108
10445540
1814429
4389647
1789932
1774764
2406446
41505929
41505929

362838
10445540
1789932
4389647
1774764
41519499
15018496
5913197
5913197
3644957
5850543
625056
5850543
10388464
4364075
10388464
24200791
2145590
56721
4389647
1789932
2406446
5054720
5054720
5054720
7416
7416
2115
22021
4093649
4093649
3443212
1810756
1810756
11139530
10445540
24228189
5157168
7708165
2039276
2007362
192352
341835
20004685
303366
11245399
10445540
10445540
1789932
4389647
1774764
11245399
5374905
10445540
1789932
4389647
1774764
9195603
3259773
6789558
6789558
6789558
6789558
129116
10629962
5719954
6372433
9954362
1083286
1039468
1411360
22302227
8970047
8970047
352052
893156
2011698
3705859
3668518
2542146
5147378
9655581
9655581
11237928
1240236
406184
9954362
1083286
6372433
12160995
1681112
1582231
11245399
1586777
7416
19069021
1534265
2085781
7351003
7351003
616340
7515303
6712895
12160995
7515303
10445540
12160995
1582231
910338
331792
15597826
15597826
3129686
963654
1167458
928443
1170333
20043081
12160995
1582231
323946
322173
709268
3967010
9954362
1083286
6372433
226510
4930711
1764105
9655581
12116282
12116282
1409163
16449081
107624
9346643
12116282
12116282
10487299
1819248
1819248
2013509
1903740
2310759
788561
23803886
731202
14919325
2968448
9840299
1795227
23346057
6963372
285809
1876071
1895739
12144134
10487299
21797674
15597826
12116282
7416
15059379
1160289
1170333
2104010
990976
4173537
8032394
8617183
24132598
6914044
884014
869912
21540586
957827
1839376
1227638
1481441
3249263
4708475
2675231
1434682
3312305
1483398
1299365
949685
2561763
3898090
12116282
12116282
12116282
12116282
3111915
5089269
11141214
1247249
1167196
3281901
1494652
46852262
12116282
2111086
1247249
2111086
17751482
6365315
12116282
11141214
12116282
12116282
1613377
12116282
5719954
5719954
5719954
318818
327559
36563
15781791
721863
714093
714101
5744718
1233647
8040805
6888128
6888128
15772950
6888128
993922
5101231
2223431
2469425
464659
11140013
1012852
455033
1118433
4285188
10946659
1299718
1136911
1154097
7429022
11140013
11140013
10230830
4714501
15589019
1460733
860681
868538
5112123
5112123
1136514
11655822
11520456
12116282
7114196
1693459
1079937
6168626
1589371
11123257
12116282
12116282
1989969
1345716
8381974
235401
235401
289156
15589019
6372433
1460733
860681
3196108
16155066
1413258
5112123
1080011
444398
444398
365582
910338
3201060
994209
6395408
1004242
56374802
3228559
1382732
2098405
711398
1079064
5112123
246491800
910338
994209
994485
364833
711398
711398
5112123
2619569
2132408
902183
1836002
1945559
2479387
1442245
766372
2288588
4122502
2132408
2132408
2288588
2115814
2285388
2173692
2286471
12116282
12116282
3228559
5112123
5112123
3131124
2542473
2881722
2787542
12202512
6697801
3084420
1903753
19200367
11140013
7188596
3026605
1883735
1897596
1515784
10315778
4839253
4839253
11140013
3084420
19200367
1903753
1906523
22129119
1210731
1210731
22129119
22129119
12472562
22129119
22129119
11140013
19200367
1903753
3084420
11140013
10487299
5112123
1434092
929954
839619
3323599
1088046
1113204
761371
761497
761371
1523238
1674833
4624572
2014184
29990163
2014184
2014184
892447
1537373
1483569
1066791
3140533
2198497
713746
892447
892447
1537373
1066791
2198497
11332746
1784640
4932118
673261
9954362
1083286
7924099
1491120
1491120
1471664
5112123
570221
15019511
16218882
5112123
4418073
4316492
1661744
1167022
1169161
1147372
1153963
2257155
10325564
1410264
1033695
446109
8483692
5112123
5112123
1399096
2112608
2108792
2075035
923214
801512
910434
1272523
2146105
1605718
1048384
3175740
6382623
8430651
7959139
3387446
767554
1053391
1098763
8992401
8992401
1810252
9495214
10127863
12116282
12116282
12116282
3228559
80391
1385
8970047
15449438
1207806
916567
878678
910682
1291376
8763927
10463611
16851869
5031985
3777328
401483
5112123
5112123
623570
12116282
5112123
23792748
18205765
181028
15889386
12116282
5358660
12865924
12116282
12865924
1147746
1128720
8970047
2340646
8970047
2340646
2340646
2340646
2340646
28829
69494
914372
876090
1970093
1015344
1800298
1096042
1893841
602597
2789741
3737806
1226872
1999654
1483352
7338146
9824822
6372433
9954362
1083286
1930776
30060
3084420
11140013
1903753
19200367
11140013
3084420
1903753
19200367
888667
888667
761338
456586
456586
82389
5911653
5911653
2071
1495491
8019203
1467384
1939503
758413
6724119
6209506
6724119
6209506
6724119
4607226
4607226
14014024
5158350
5182754
5158350
5158350
6725685
10445540
15420864
8762040
721863
5182754
15772950
5158350
1352139
1227356
2188712
1540065
1763204
2431611
5881052
1540065
6466
1352139
1219710
5483844
2188712
548083
2188712
2188712
2188712
4700309
15891464
727622
723090
8920052
7222529
8920052
2084288
2119924
8920052
12116282
8411891
5158350
875896
5719954
937949
653846
6967073
3298301
1991607
2395961
2565686
918328
5719954
2098405
6361135
6967073
646959
21125
10487299
3298301
306763
803536
5182683
10946659
1808473
1812904
8885771
662332
480234
4443504
4443504
28467
99327
58425
10487299
2546844
11123257
2437977
9655581
4455535
469908
2815243
3960144
9655581
4443504
727242
4443504
4443504
2546844
2430667
5171538
8233223
6992796
6992671
7879511
9214295
1265736
1370005
3213696
4221311
4065271
5171538
2546844
6702318
12116282
5719954
325838
602560
711991
1503487
143234
308926
1038632
15420864
16783892
1167286
1173841
1180486
1167244
4455535
4466976
28250464
547360
614543
4448251
2462468
6918531
5158350
4703236
2731033
5158350
11123257
6702318
5158350
13856389
15420864
15420864
490002
544919
4340128
3089972
6473113
1118446
1074944
4340128
3089972
6473113
1118446
7416
7416
13856389
406153
7372643
9839096
16424118
596096
1755548
4024359
4024359
12119746
1385156
1384812
12186044
4455535
2829129
524232
527777
1568742
6850440
7712037
7372643
13856389
10431535
9301793
10431535
18151106
41862971
2288120
1646948
2288120
2288120
3412030
10487299
5850543
2548976
1165999
3617956
12116282
7416
12116282
7404179
2626576
2177605
2210361
1445854
4521143
1218568
1228021
406153
1275595
9187568
13022123
1576479
9266713
883131
4700626
9954362
1083286
6372433
6062404
28988193
13881080
5719954
9922149
5719707
9130359
6396593
6085148
472602
13278741
3174435
1029746
1041775
13278741
7265045
1062250
11106034
7069618
2320873
2275386
400836
713124
520459
1467205
5259581
2038621
1914210
2088149
622380
7690584
9842284
9842284
7690584
8992458
6959057
2007362
2007362
6959057
6834720
6834720
4701427
5850543
7404179
7266078
7191108
1839544
11664007
2881674
1382732
968044
3228559
919577
7404179
2208647
34931373
136513
12116282
2406716
136513
251066
